1
BULBASAUR
4
13
4
6
4
128
45
49
49
65
65
45
0
0
0
1
0
0
0
1
1
1
0
1
2
0
16

2
IVYSAUR
4
13
4
6
4
256
60
62
63
80
80
60
0
0
0
1
0
0
0
1
1
1
0
1
3
0
32

3
VENUSAUR
4
13
4
6
4
512
80
82
83
100
100
80
0
0
0
1
0
0
0
1
1
1
0
0

4
CHARMANDER
2
0
4
6
4
128
45
49
49
65
65
45
0
0
0
1
0
0
0
1
1
1
0
1
5
0
16

5
CHARMELEON
2
0
4
6
4
256
60
62
63
80
80
60
0
0
0
1
0
0
0
1
1
1
0
1
6
0
32

6
CHARIZARD
2
5
4
6
4
512
80
82
83
100
100
80
0
0
0
1
0
0
0
1
1
1
0
0

7
SQUIRTLE
3
0
4
6
4
128
45
49
49
65
65
45
0
0
0
1
0
0
0
1
1
1
0
1
8
0
16

8
WARTORTLE
3
0
4
6
4
256
60
62
63
80
80
60
0
0
0
1
0
0
0
1
1
1
0
1
9
0
32

9
BLASTOISE
3
0
4
6
4
512
80
82
83
100
100
80
0
0
0
1
0
0
0
1
1
1
0
0

